325880
545180
756340
486290
673630
589530
396350
638720
326730
698920
589150
243930
552780
690510
393610
574590
374950
674220
272510
444180
758020
704940
366050
867700
348540
779330
384500
804540
708640
207750
294440
269670
853210
843190
614150
288160
33650
688570
324810
282530
706130
600370
321830
318480
819480
285190
839730
388210
563680
339280
458470
202130
673050
316010
704840
863490
300610
568610
396750
254480
861550
525460
384180
748110
798380
673280
274560
710270
673130
781560
407830
681110
49320
434140
559030
449050
295110
609170
282900
386110
701760
532170
695450
429610
369440
292500
514780
409410
664850
759700
377280
360150
809460
843270
500350
339340
388010
616740
803590
535630
758410
386690
556850
401190
838640
681060
386540
351450
770400
454780
236390
695020
503450
339720
676180
667790
340360
755590
621940
829050
477740
429780
285820
813590
413680
691280
749220
248190
524610
395350
723820
385600
329440
405550
356560
566060
448010
706280
443580
391480
419480
758400
719550
750770
786800
772990
767170
727290
777850
432420
209230
441250
283230
454250
509210
442220
440
575830
315130
585550
408860
816820
326950
661440
497850
863560
516410
614880
762620
464900
816260
555370
227020
795510
816580
360750
70500
502430
577740
565180
462730
96900
490220
305920
693430
690710
618470
545830
105000
445730
763050
731930
804210
496850
338000
738600
476020
269730
802970
620580
355920
384230
776190
230210
94400
765300
690200
306680
488660
345230
843250
668860
661090
721460
666060
512740
363580
303470
63700
251630
587480
385070
346490
374050
539460
405950
325930
590370
527230
858360
639170
686740
116120
874130
693030
757350
825610
671050
298900
512900
580560
573210
257690
883390
396680
454320
780390
326150
664420
492800
535000
248470
521100
675330
853850
667240
396010
360390
364740
755970
433210
630790
655770
421020
227780
577890
387930
48700
370020
381320
549240
473720
571340
835680
430230
756320
829540
417980
629420
433400
513230
203350
728630
340730
375480
354050
279260
780100
678870
346730
733460
809890
520940
315680
511490
374150
268200
423580
827670
233530
744240
646240
233230
260530
693710
540880
444000
789280
278930
545580
553350
697750
567600
623080
544630
299250
847100
333730
42140
458960
540230
401820
495140
303690
517470
734910
333870
613200
793030
305800
685990
395860
743420
259410
726250
676910
864520
700790
495090
344880
420740
534430
335900
287980
506830
872680
211440
413710
390520
290080
279500
420550
574260
512770
836200
663140
792560
320430
290000
673770
699940
572570
392030
418040
765490
880260
787040
663730
796780
676490
444440
675910
852790
804490
292030
648390
563860
556480
807950
374630
488070
513880
705840
254440
344240
506840
310380
359340
207730
391190
529410
619100
761030
403070
543930
470140
801500
461580
246960
527380
585880
386510
385890
648780
460340
547900
414340
889060
887880
420370
476710
597110
703620
604810
266370
452120
502740
291050
378080
884500
545620
379640
752020
463930
509880
531540
562230
517370
806020
513300
55140
370840
819330
518920
502920
332490
215770
205910
446250
262410
252230
375520
340000
102600
879530
390970
310490
513320
601130
774411
708300
252170
372830
475150
389040
433570
471710
466130
431540
201810
705670
677720
748050
492100
752000
887630
314070
489160
820750
375440
643980
493730
507340
465660
259530
259510
516750
592130
587460
91700
749980
657280
774091
534570
95000
696400
379520
507010
461720
449700
754020
556960
390610
861570
742340
626160
24240
562500
216090
596890
299680
840710
397690
466350
846210
542350
709700
698370
877020
356190
392820
652050
231910
289690
791800
220460
303840
591640
274920
514310
485460
648810
374620
492180
791970
422270
409040
509170
261700
437570
209360
315340
771920
727310
621090
231740
231310
493340
342350
451760
18310
337220
418060
419080
797640
834330
436290
397950
335100
115120
585840
756240
502700
594120
267530
338840
749560
781800
764830
345200
645460
758150
559870
301970
579130
724510
725970
244850
226720
446510
617420
467360
619380
756590
365440
868130
805240
217790
753920
744420
399000
494670
409380
98300
767610
729660
813240
480480
453690
265020
211260
551100
854560
640430
410370
365680
231720
26000
473050
792060
270570
453130
208710
451990
402340
386390
563120
727200
415590
411610
628460
693870
700830
345120
254460
238530
308440
649790
466240
749200
415300
566780
653870
432980
38600
284580
876960
415980
446120
874650
307690
408520
671090
687720
385690
407420
434050
685680
816210
336140
640120
369840
472060
703700
236850
242780
754510
16500
434230
312650
378830
631900
684680
493110
341290
560260
541450
489830
470590
334190
655200
649510
628850
499620
760440
825550
647830
866180
577580
567060
252330
116100
820910
345350
857370
454390
277870
726210
303340
778860
606710
657740
376300
343780
332880
219950
358650
620200
266090
794630
830520
330390
779730
414730
801020
805350
732800
369070
233290
870150
467010
719610
416630
818570
535910
347000
581710
209000
403680
835450
496320
493720
207420
862790
876600
632000
407100
339110
393930
363930
2820
314010
605510
547480
580520
718730
396320
708760
468110
545860
234670
397960
363420
661430
296790
611060
388490
867140
864510
3540
485600
526290
392280
485800
238370
759500
377190
224760
778610
227860
314150
508190
358750
356890
781120
678890
818610
516920
386750
530890
11240
387090
263460
217140
384940
656970
445870
597920
380700
654050
348340
17140
580040
200210
409450
607400
816080
748300
92100
296070
512720
596170
340960
765530
718080
413580
711930
423810
333330
272620
613210
352760
718980
523160
653780
275670
314520
233110
583490
818780
709410
415740
586770
367080
687490
445550
619470
351920
500420
605220
459440
881610
876410
662330
243120
596260
606300
820250
354240
679660
842510
664140
375770
518140
793240
257120
384920
746010
740120
758100
730
835560
575970
453310
502720
589080
332710
665400
453830
398830
849410
342560
26800
681920
67370
760010
674060
274940
683130
626510
790840
802740
808990
626640
501440
358070
491330
868040
533480
764430
545540
363510
550240
858730
35700
879250
745000
756650
772490
236290
324120
263420
548330
339580
553950
282960
451840
238010
700610
868550
391640
446050
466420
486540
534190
497580
433890
520850
246720
299660
325160
346120
503490
248590
701290
777820
760050
644110
600640
370360
279160
336080
431700
386180
532190
414370
573060
233510
771320
378800
340280
846200
365300
673000
328760
606510
727550
474620
412790
569340
333420
803920
833180
368780
595440
449500
439340
422860
519080
552910
534230
400380
618640
371330
400020
293660
752710
371970
662840
529910
348730
350010
496540
700780
602170
381900
796950
645340
850050
357030
458520
753370
778120
620630
490450
722580
384250
38700
342490
716750
795920
833260
263920
860340
741620
720280
275180
606060
805940
723210
72530
757130
415890
109700
579840
758920
668670
603890
690740
301920
763350
453740
10500
299540
518720
599840
527430
661670
238460
398150
566180
423800
447820
319850
658810
525150
823340
394430
824260
542030
446030
394450
310470
794050
434240
708680
213670
359870
482330
777660
511070
847580
764870
564150
313590
670060
889030
798730
443860
448720
355410
337360
621220
725340
818760
727180
810330
591750
744940
700560
696560
467940
515470
398160
779700
542220
645630
740070
722180
395500
522210
697650
344300
592390
504130
842290
654710
313010
675730
704860
563810
666160
415920
375330
556820
648530
650070
708150
286280
682570
810640
562310
347290
598690
658980
214830
239140
566190
506570
465130
789570
518120
870800
800720
711070
688690
839750
461170
418910
530740
494440
777730
752790
861180
99930
359300
394870
357830
432640
715430
730240
650940
780430
414060
653760
431250
51060
315070
628890
266840
361200
384680
1840
249650
795480
458830
733180
766940
536690
300380
496810
435260
586060
801270
485740
779800
61100
667690
599100
416090
510840
221540
763610
23530
758370
763520
13140
397200
416350
582350
461810
702910
771100
383230
460560
845530
549740
284770
334100
499890
718200
468570
586340
614030
769580
577690
290490
705240
813700
586670
271990
377300
536370
298930
767590
449240
348270
463760
615010
208640
785790
295630
427240
355050
816090
581620
470040
431650
748480
367120
469790
758220
756260
375010
620070
455400
570790
371010
374670
471810
512070
248310
437080
617620
525920
266430
485750
572300
486470
682610
477720
360870
615180
368250
544840
403570
805070
545030
442890
258950
771840
838430
456170
560250
880780
797390
527540
878250
583090
381890
453220
619870
513440
408640
630030
216250
42990
619280
679230
306260
294860
360830
529180
274980
367050
806480
526590
348800
640310
342450
585220
264200
718270
821640
383790
662240
591680
463440
818500
629650
498240
410470
816710
654700
340340
491700
215630
844850
610840
330830
516480
351800
290970
284950
238090
400160
346210
369310
593850
393230
303720
856550
235210
619290
411480
425040
811040
422250
682180
763250
593410
290730
345540
550590
773010
573050
562050
65800
651970
625370
307980
365340
796260
736480
565720
416250
386160
717940
312430
335220
509580
588420
357010
518620
448440
320040
398260
485430
805880
820920
660390
301650
423270
833030
749670
488920
510390
454970
603040
257750
665120
415960
382140
697370
312150
226580
743090
379390
289760
648580
367030
215690
798560
210170
576470
761760
589250
692310
462130
878490
654810
493000
55110
695420
382070
463700
668210
360030
798940
756700
217270
747640
761130
457480
355280
754230
875250
366210
493650
499910
805840
682670
242820
454410
682590
774531
759650
706710
365020
453850
790020
695560
604490
504210
671170
244430
563750
576030
447290
682910
547820
798650
762860
269050
110610
266310
359050
556840
314470
251810
403190
561510
786330
338830
303880
665490
254270
818220
866340
457710
646380
371420
402910
848640
340700
534920
417880
675630
673950
405680
431200
418670
567290
848260
607030
207040
465670
677030
587290
569360
654750
753060
427290
310740
421180
872980
778050
394390
703500
714020
354230
800330
8970
705640
201830
105300
654660
447570
203140
308360
359960
408920
486880
402330
816250
839260
99120
802070
797570
458540
427860
283820
827830
415240
333600
815320
708580
335090
576130
448620
799070
622060
511250
568130
313780
428860
567040
588230
424850
514200
364200
409890
693670
285160
660990
553310
46570
666860
355840
807910
494980
338130
449540
397310
600230
865930
496930
342020
540840
389670
678290
457210
709190
552460
357840
410430
884090
223140
601380
779570
672230
565120
458630
520080
317510
412670
517140
617690
284730
813920
107410
462940
368360
376150
802490
468670
468240
618140
264400
322500
280220
361190
741500
696940
697610
435840
362020
655910
783240
564280
602080
665310
370910
589270
726170
525370
208090
621880
433660
718120
495750
603750
733740
355980
677730
836480
316720
505080
576110
366870
108200
506560
734870
331720
618360
693750
358810
364720
811270
222440
714250
515570
601920
561450
233310
623180
669320
853040
661330
467780
666630
722040
815240
42170
790810
536040
811720
662940
842120
580320
728870
513630
731410
227060
63230
614630
47800
251150
596950
705120
427970
510550
547990
613830
423120
384960
512260
264710
586170
357300
411760
840500
766780
717820
586090
582500
366240
786470
461840
370150
698300
315860
726590
860660
514660
242760
653970
716770
695650
492270
594360
385440
790130
790290
778410
61730
745330
284050
497400
862570
307090
648190
748880
440800
316810
500090
303550
852570
839300
620700
311860
340140
355100
113020
241260
836550
731510
740280
603360
758330
702310
606720
764630
431230
99910
563250
798260
508680
714730
682820
454040
392600
831740
258520
391220
330580
710130
718960
567660
515740
812020
22230
823740
591010
392100
255220
411570
589860
363520
687580
449530
1250
423710
393750
672590
849600
623380
471260
810670
716600
795100
498320
416370
575400
216130
427100
747050
666040
537760
668280
491530
686510
346180
653080
442070
785680
474010
671810
353700
786290
438130
739240
759850
798720
216260
588920
676450
474730
218820
708140
828380
268930
504850
275490
545320
341860
866150
241300
394770
715290
797060
629690
293260
873700
807840
314290
610680
296630
845610
222880
558620
535410
588430
302270
765140
439250
40960
598960
381870
815800
261680
759980
502400
533580
300320
841010
703610
389840
665960
328640
440900
439730
614970
710760
232430
620530
433830
747330
341090
95900
699750
307130
632110
721390
416260
791760
447020
748830
475070
487160
625700
555620
708340
41000
675450
249610
306760
206370
302310
795530
636320
62000
414510
771370
252890
339440
612890
207690
115110
333120
588340
813350
453320
809320
873500
843780
364230
711700
523900
415150
493500
726610
249360
364690
412540
684740
657690
453780
329050
597090
832690
323700
337820
50400
275850
501940
339290
240760
321960
787550
338290
689570
576880
601650
631980
363960
638680
851710
715520
676700
734590
867610
869500
431220
307580
622930
782190
469820
539670
647280
366760
410910
352790
563410
498370
781650
347600
72900
533180
382300
247020
728070
698110
675500
300580
801290
719410
664430
755820
549100
788200
410840
496980
424370
353550
594370
623810
326190
347400
833820
214400
456430
448810
730690
567000
548230
757600
421730
80310
313470
505210
509220
704490
540770
531480
828970
259490
648570
555570
533010
707380
467760
342190
378410
242700
790600
792640
497180
639490
846220
542200
802190
655030
508390
364840
516130
658630
399130
711130
346440
787220
578900
210870
610130
586660
382360
35600
705260
348160
545750
670230
694950
569630
716220
334960
475470
851580
554220
669280
803780
215390
264460
782460
337110
409320
346630
275510
845730
418120
557580
471200
414090
340250
439490
422970
398020
476510
655930
533260
786910
718010
781600
854670
246110
584150
511920
413040
416450
535930
585180
361350
731430
284830
251290
710190
700170
826930
801490
323020
630070
550990
662410
691920
715010
412530
615390
611040
594950
322630
652730
646370
310890
558340
280160
449100
502450
710620
744040
574520
365450
617710
355370
486120
583590
859410
269010
575990
610960
388260
272890
749110
769980
408400
869590
705020
271590
448790
360940
359420
351330
442780
341040
705750
849920
334620
717300
848430
464340
715650
204880
391650
820880
774351
526430
768300
391250
107100
780580
324730
878570
644310
692200
668010
535170
606850
544650
805690
395620
324710
532690
870020
225080
358030
414530
771010
337960
553020
398030
581220
269310
569970
227600
731600
593740
506500
331980
624320
338040
571350
423650
776610
211420
736810
495010
465840
587490
662910
812070
818730
648430
214910
743410
18070
369290
759000
15540
553000
418160
298360
676760
607210
340770
561690
677910
773580
221830
515220
698450
765060
612670
575810
495890
533660
406920
350630
681070
543980
445070
271370
789110
753980
721740
626200
405780
704500
261900
781820
679460
364770
385800
460210
325150
34500
353340
314460
686900
510060
456160
677190
780500
755140
674440
640150
705450
386930
642600
651690
431640
417350
651470
514290
618070
437390
633580
509190
813670
402390
375130
527480
499450
377460
19200
548080
437730
530320
539300
315480
657260
346040
603250
886580
711050
819950
666050
737380
613860
234820
324420
717170
582550
328650
724390
801250
514220
544600
350640
546180
366280
790450
417290
547260
299380
751260
709720
581970
277630
264560
605910
552440
95400
860570
717190
806720
495350
881520
255390
710440
352740
281750
27920
801380
681190
495570
206190
882640
341820
546040
342650
368070
564810
608800
562250
783790
521140
629360
510040
792030
561010
494460
663920
384210
561610
732550
595660
314340
224260
496620
675960
779760
651490
436260
99900
496870
350780
344410
556890
656630
488020
365770
303530
397330
765460
536450
589430
800270
731880
620210
800860
706550
243280
513890
204360
761280
592020
535890
853500
449350
652460
612250
591740
546900
679430
7520
449640
503770
238870
236790
587450
658570
513480
508200
70300
693180
435300
392110
694480
719750
348430
546200
286220
738000
684580
345390
782280
407290
422900
230150
687480
614910
447180
618490
461360
493380
455690
65300
696360
581130
496480
316600
316660
459220
279940
670720
342480
404510
738620
505270
421900
805120
232790
540010
345010
472830
270210
360640
328270
342200
287260
301050
609410
652190
489720
691660
336030
509570
408770
603100
462990
382900
743110
657770
854190
790650
789260
530540
271240
334210
618720
449420
760330
461390
584220
589260
442810
391630
685750
628770
617030
390340
426010
375850
405010
337040
467350
22380
580590
403640
596370
628490
873620
610660
232090
439950
397340
727070
514520
630690
553150
375030
206420
301150
675010
865800
380220
576420
334270
873610
268260
788850
367260
593490
310460
571880
263320
652550
500710
588040
693020
274310
486550
475490
485030
474820
634700
336940
828170
403460
807930
438000
551060
315320
208630
424260
364900
435460
716100
618170
399670
279580
564480
441440
626630
346090
545570
338530
758320
732000
758980
440880
509820
752370
544310
680700
734540
332400
572480
311840
432720
400250
734120
266150
575840
274230
603840
809470
547090
645710
724740
531680
416600
581370
470780
663540
436500
18600
270450
484900
539380
434970
55150
488690
594310
517910
307600
463670
344860
731920
869560
234710
444520
568500
568840
370050
617610
572020
681390
336710
691980
656140
595010
725490
540060
369990
410150
465440
589670
568910
641980
577230
438780
250380
463150
242860
262980
587400
704350
466290
329790
413830
310700
725370
432190
672100
454100
721470
717690
838390
25700
32460
749830
448320
694070
394510
837210
745810
777160
463520
360550
538680
619000
739890
278440
709780
370170
764570
550080
310810
432290
651500
428690
349150
271550
297120
390210
354970
619600
454610
368830
491650
710330
509620
414950
366440
529420
608540
686620
676770
368710
497080
300570
726070
629410
368290
621010
491770
713530
391390
850960
361560
332310
702890
378930
749540
644380
544790
788510
645090
717310
533890
513550
589380
768590
581640
818450
382080
364250
431180
564940
490300
305260
874010
239660
834420
429680
362680
511120
724600
319450
46600
661360
496890
391540
497710
212050
448850
349540
564070
441010
415400
632800
291930
673210
202310
505070
562480
292480
312230
376880
460220
769020
771350
681100
373930
367500
793630
783140
741630
457820
613020
279070
487770
13120
782410
535850
738500
849560
373990
317440
445600
540900
293460
331340
226100
801160
652230
733030
385250
601930
406550
386290
705530
91600
581210
200370
433190
452540
389050
793350
512250
851530
644680
502200
388750
380860
666570
288120
539280
665350
672250
389400
678230
666090
205610
459830
332330
784180
800620
666310
350600
360010
268870
557830
453900
576560
304930
255710
323850
414660
319250
611320
732030
544580
339690
281220
219910
568460
356400
844290
488960
433450
340030
712380
206440
409580
371650
228300
514820
643870
802810
385590
321920
231330
547000
321950
529940
304650
575650
457370
565660
848360
545270
517360
783590
677520
670770
629860
420850
282760
687950
512790
527290
639560
555640
346130
399640
763760
319570
387010
295490
296870
463390
658700
524640
700440
733290
582610
520670
530020
365880
250260
788270
857140
752810
298160
249130
347670
663210
645820
814540
461880
444930
506870
843210
350880
436690
295870
371120
868230
612840
290300
588730
704360
324610
372490
625400
847800
516460
681020
718370
753660
265950
466270
566970
238240
737870
658420
659870
43190
372380
325860
750450
874330
423870
640050
386700
705130
365860
733340
313020
345080
520370
548220
552590
681620
709620
391660
737280
365200
346850
656450
620710
605490
261530
860400
570460
576380
473670
504620
253330
222480
534290
396930
649170
742150
747340
870030
651170
341690
616250
525380
432590
523550
470210
547250
747090
398530
735060
563610
740150
755490
566530
208650
516110
505290
554770
403780
544870
446390
319270
688800
718320
850950
649570
230700
623900
329490
877550
233130
843660
465060
286200
681490
319050
585830
282880
631920
611230
460780
867850
364060
401510
848780
855700
437250
48000
723450
449560
219150
574070
406150
262280
494350
770820
822540
368950
386430
749510
611500
713390
588110
433340
818140
527150
323900
446840
468930
644550
558320
351630
504450
414290
368980
846790
548130
291910
534240
462620
567160
664050
709750
656370
689650
498660
739350
292370
578430
785640
314250
266490
449220
661420
383720
688680
346450
654220
250070
592990
848750
734890
555400
284810
704270
365260
394490
416000
228280
423610
258890
632880
578830
502730
428350
675720
678520
620640
408000
19030
610180
40800
57200
346970
250400
282560
252970
656600
514710
704380
838340
822460
361360
708940
306700
463880
677850
235800
648350
216110
667120
444870
756100
784940
570710
415610
372330
464960
670950
508990
290810
542260
662230
534210
736570
359190
415530
359450
888800
545590
254300
686580
446640
368590
528720
619700
603130
15620
401280
550930
280010
715310
791370
770100
736240
714010
526920
595480
293540
815950
351730
775970
679410
663530
684210
609320
821500
319480
268770
252490
805710
506900
699780
462960
348200
251390
652090
214270
292910
688630
387270
356170
380560
731820
467490
201930
260380
468160
616640
596240
439750
356200
848720
312790
339250
567480
713380
282640
420060
560200
466300
366780
269650
379420
542340
748430
680750
388410
468530
407530
676420
538590
384990
530390
712100
308180
625980
598350
42910
351100
597190
582530
559250
47540
796920
315450
388450
296570
523880
251130
693310
560340
512000
739190
804600
759830
550170
615550
46770
240970
386520
465200
850690
584980
645450
221380
458000
350610
431860
510570
781950
369060
670100
530510
535490
880510
694960
853380
291390
351910
718720
380550
866040
472870
706880
680270
588160
675990
873730
376490
17580
524560
552330
342530
526890
726430
764970
528090
860580
411720
336150
715690
381560
398960
395850
669660
356090
702180
790060
528820
759610
746140
545410
401560
436060
291010
653950
351090
750330
712190
204630
226760
464060
57300
697870
379990
626010
313130
384310
230190
739980
654550
285380
523750
428460
251710
623170
371220
257850
645360
751540
669490
563550
416870
319320
803620
744170
18500
867640
547210
687420
499660
465070
649990
643960
688600
841350
577760
378660
800230
312920
536220
543460
588190
372160
576620
211360
420770
529440
516010
858500
233150
765200
453470
207170
393920
715060
742630
850060
799730
585750
685340
711600
536410
323060
396850
208460
704990
264540
591390
545960
108700
720250
802560
227180
494850
446070
340380
722920
705400
269790
496610
464150
782100
658530
570770
683630
448630
405290
329380
597590
654240
328590
522240
321370
674040
497000
248730
783890
655260
534910
497350
743330
458680
435530
373360
677080
849520
608830
828550
672780
357310
601570
80360
530010
91310
368370
247910
493480
557030
787650
270070
742540
649880
775890
438310
844160
598820
562660
657440
356870
729980
657700
560050
352900
346900
838490
691080
415660
797530
343370
701040
518650
788330
791080
346670
304950
816190
629340
390030
491160
726300
341870
355630
790400
661560
725380
497460
383630
684130
658360
439720
482300
778840
312560
408750
262590
855030
611140
303790
350090
504810
273830
503180
862210
674110
520540
659250
568060
276810
380360
338390
685690
321270
209520
262510
493620
611020
448520
799080
590570
842310
529730
366600
791160
412150
437220
858180
753420
234920
655480
635410
706320
749470
773170
300550
240600
658790
637650
403430
643270
447210
759540
723760
246680
462950
776960
802400
286660
551190
729290
666610
455980
230270
341440
319550
400
443260
528170
65400
230860
420900
676240
366250
259700
457600
556740
403940
235360
654870
531960
658770
394690
788740
555710
699100
242720
575850
301540
434780
829250
770630
283160
846000
202970
738920
395940
851030
594660
473920
434390
657860
678540
598640
527740
364640
670440
13210
434120
679780
727760
648590
511160
814190
423740
348470
682810
812940
736110
872990
693680
680890
374170
459090
397570
569860
63000
740290
531530
352070
772740
350490
663340
345180
879450
689050
397160
371200
291410
329460
615160
416720
688790
644760
659160
662920
409100
110500
845380
333640
220440
533620
684410
654940
723110
528260
533300
594130
205830
679300
310060
656220
564050
299420
305640
552550
428930
489050
856760
864100
541160
502420
346780
858810
307050
335690
372970
833140
711550
601120
554150
265930
496630
829040
575450
558810
699590
805320
661990
370440
791390
726910
498850
384080
713430
689160
652760
590820
334830
849360
395160
783270
448290
397460
796500
398250
257770
223000
510360
566750
854380
540410
501310
314220
480650
532110
346560
456390
412010
611620
733520
516040
775490
395170
227380
649640
680040
509310
349220
455110
559650
359060
547340
822530
462520
510680
853860
444590
701280
352210
356800
339400
819550
722020
783470
562490
399070
533120
837330
870000
730760
230840
470090
9500
592040
706390
610750
57700
471640
793720
493080
349760
636070
587110
368610
467390
877370
503300
396480
655630
362830
716110
444220
267490
336250
786450
673850
669340
404050
688550
821190
566410
234080
567780
742380
532290
674900
390930
282070
240360
227300
15750
244930
364830
562520
287600
486130
687270
844180
622020
554280
444800
368310
406290
312530
111800
552370
384660
413740
692920
563520
868370
822700
401810
446990
845150
454600
831770
449170
281920
435800
343170
788610
780320
40420
361110
650580
333880
339790
733540
33670
661900
576670
669830
761220
348360
627530
606480
541300
356570
371790
39140
485610
335200
345990
751250
698030
764060
404960
256190
674010
689180
245350
654200
704200
17120
447310
788690
713030
555100
782120
282440
688260
446810
706350
661280
42000
666260
311690
675230
736930
64000
424170
480490
681740
303860
679030
603550
65980
512370
337680
707300
467060
688180
504420
338050
787400
735350
832650
346330
222320
382490
605500
856990
771540
411560
603940
886010
704830
462000
497640
330450
710070
364630
318330
11330
329020
592750
242320
532030
498740
450170
303830
768430
828910
553340
24200
545890
677020
633060
654970
486890
880590
548280
694930
745720
58400
793480
856040
684940
204240
434310
461650
578210
370920
360990
454900
586160
328730
806240
658750
597200
860530
536640
330000
486510
268990
374900
610670
689000
340270
401840
683730
718090
616610
468250
412460
448910
353130
595520
495120
298260
368890
855490
665950
454480
385730
759160
862200
830380
787240
447010
648800
567890
719370
554600
612610
402670
253350
293600
511190
722660
333930
243800
800560
229520
466170
877360
880550
831680
786650
857710
776370
570490
624900
265750
738020
207930
276890
712870
604450
346610
846710
33660
673870
460190
296510
380100
471920
605250
313630
326520
830390
284200
596390
416130
761150
444640
536530
638160
677060
432280
461600
299580
342920
675130
675660
433950
485380
567640
204100
430240
699570
793220
422590
365460
574310
339190
317040
278460
517510
348400
578920
461910
359390
365360
432130
227560
411630
715510
851050
629000
844140
598470
658560
388320
654850
344770
444280
729720
274880
392720
385860
504090
200410
271570
416830
377330
652990
242530
343070
586960
458920
359280
491010
342260
587260
434000
722380
601770
405530
469560
844310
247080
525350
393820
285960
745280
851520
568780
675260
773130
505120
671860
594490
274900
451100
660120
622890
353190
394280
450250
615080
739180
772320
657930
862580
714240
435020
618650
840120
761720
654390
839220
437010
659780
699010
785670
493220
414870
232950
332410
552230
386900
403830
752380
386640
636450
377480
264300
854650
496400
257350
466110
855730
361630
874140
594980
693650
237550
4000
853110
451600
599560
317060
748010
374320
496960
709550
818320
836790
660070
719600
403700
528160
695350
461480
521200
717850
659920
801870
466870
334140
362660
632840
330770
763680
546080
386080
438720
678190
434870
250420
488790
653100
433320
371520
522080
367430
440810
696530
406940
372750
602930
616360
592380
656270
269810
357280
499610
878820
728990
339120
251890
448480
432260
200260
8930
244450
817110
874200
794820
329110
564230
808450
577320
263860
602790
390200
388370
263980
817190
650570
457730
314630
516890
665890
420160
766260
883190
758050
312670
423700
462240
365350
685420
778570
339230
462200
530680
350970
666600
783420
263720
491670
246900
438730
763360
568860
22490
677650
250050
552500
582660
403590
315930
449300
511500
578010
789600
843130
807850
283640
555880
437710
612720
538920
380920
833380
665060
391310
436520
307590
700460
670730
324090
576860
608390
657900
746710
248450
593670
740600
760560
486850
816150
727860
871140
786670
35470
662690
354810
682150
211380
49520
727970
396230
458500
457960
848090
546780
459640
619010
431930
555080
413510
498830
500880
839170
699180
464230
473540
280520
67000
583760
346370
329860
413700
311490
593730
486940
764410
441790
742230
738730
347480
427550
724760
374060
330020
739540
307210
555210
841320
812860
453730
270010
551730
515910
204440
811860
543390
423490
513660
552130
502540
711110
555310
371460
649730
366270
659820
786940
327560
721940
208140
817710
481890
804680
508980
438080
758070
390570
723930
386350
529840
763930
373650
416530
618030
304730
248710
722890
799590
563180
463830
705300
558610
631220
666250
407780
497020
439440
465650
667040
854160
697940
263880
412730
844300
783600
377550
502100
697710
240620
489000
405970
552800
375950
39150
575570
550010
416070
257260
699600
348240
464650
391260
378370
862880
348030
386650
503750
250680
327980
338810
611850
615330
272010
395400
750460
823640
421620
322850
598330
270810
521510
233450
679750
347280
694090
345060
383240
403300
698320
757180
559340
262080
259470
459820
868970
704660
567250
570600
303910
259080
37800
253390
376450
612020
726500
201420
61600
682070
756560
20710
280850
340680
562680
663600
766430
603150
404590
227080
408960
15520
677120
878050
563190
727590
408410
805680
694160
223510
417480
405310
497700
290380
433590
259830
330990
738210
282780
715980
800520
728890
537740
526160
642730
658850
577380
652510
368970
831490
532890
788380
331390
695110
760350
561190
816120
476460
437870
509290
719240
377860
489110
208520
388800
761890
393220
646300
671580
780750
463480
552390
250110
605610
667600
274700
397780
10220
254370
599990
511630
392370
762190
436070
762250
635320
268240
538490
525300
335070
418180
726390
349680
495680
717780
562730
628660
636570
314970
711750
741670
31980
841200
836760
296300
599180
732870
741100
392610
510420
684980
716330
802130
643610
428740
494450
520610
576280
489730
262900
505330
534680
422920
253030
269490
31280
312520
440650
682660
650860
10180
291550
402530
856460
486630
581610
467210
548320
544190
548680
854390
698770
733570
305960
851000
622700
712240
431710
886460
244050
851770
543320
661390
424010
656330
269370
698700
552970
403290
578050
840380
660270
330840
482120
575880
526780
428040
592780
410570
692860
461410
673010
499900
376560
460700
370220
268650
248550
468490
749410
577730
322520
38720
846440
454060
432010
368770
418150
681780
846700
711090
318680
481510
846240
205070
756380
547520
374680
