455290
751330
421670
464450
706960
760320
294190
497040
695630
623090
601810
604040
450060
207140
873180
237470
493780
526130
662190
513650
349790
555610
694980
674250
553570
302690
459630
269990
545850
713090
587160
486310
326480
452570
296030
835040
392780
575720
35130
614090
440740
265890
494580
321150
720670
465780
515260
434210
696460
390910
601500
492710
607330
656610
882200
492220
860770
422810
390040
727100
753440
319630
548710
806960
552990
838360
308080
661120
692180
720940
407810
800930
20820
560510
576660
772060
71300
389190
242840
553050
536630
465280
379610
845880
842470
57690
711430
35450
528250
460810
483420
578590
316140
238280
675750
865880
530960
475090
312240
299950
547980
374640
717760
791290
521580
567260
790860
588070
631770
412450
661920
867480
415030
708950
425720
843010
659460
317950
419590
798200
819080
632380
721950
224540
734440
454770
711320
268520
845270
227400
388080
636910
519990
417860
689700
455490
880990
587000
577800
313830
543920
460960
795550
710030
575890
631660
857020
710780
314590
583530
620
373720
232450
464050
555940
45760
513210
500870
693360
419020
434620
572170
509160
681800
465180
434750
606860
613400
16600
550840
612010
741650
507120
656090
610360
390870
467660
752300
466820
679260
487720
447190
687750
213050
727510
268340
745370
508790
375710
586380
562290
811360
858780
99400
384490
809200
391820
503940
367000
609420
668620
569610
743450
684750
568020
400630
296590
348180
524200
790260
789100
504460
762150
799800
466810
689470
306660
659570
781520
536780
404180
499340
305010
245470
340520
370120
849840
365160
580170
359560
750620
275000
552620
325610
799810
740240
528420
624090
273350
694370
778760
80000
431290
728610
311940
737690
703400
688880
393600
695360
261920
464040
554810
837900
477310
588750
836560
573520
655360
441050
668230
646960
346110
311210
448710
485450
589460
864200
392000
407330
627690
862110
379340
360840
555720
840310
429950
278890
346340
633460
4920
557880
583270
415840
679530
326720
247240
748610
839030
536750
356100
618370
657560
819560
796840
377310
489760
697600
606330
518740
250340
705740
719800
491040
794190
384320
412660
766280
844610
714640
343560
260130
491260
298560
615670
307430
405540
720020
463180
588560
673660
558490
341710
595560
318230
57800
435030
511350
246920
875520
409390
334840
406720
530930
1200
348710
413490
689900
593290
302510
797420
383970
654010
706850
644130
265380
849620
508650
367990
816990
684430
19020
534370
665030
485370
611750
32150
492090
847630
711870
765990
507050
801450
327150
537520
787970
612820
614890
492870
813630
246420
237110
696930
604570
355010
595110
714260
670630
432380
481110
339350
381910
484890
723270
389010
378860
278530
712010
15800
770270
650490
250180
710520
770440
213650
226920
293240
494600
587860
822680
328500
805470
775460
845630
837530
882790
530940
55040
353260
791000
228400
596380
766500
648550
535980
458170
655460
444770
354280
39160
839430
639130
389810
400030
806770
792760
787780
861580
394950
788190
339710
661590
709380
347830
347520
482990
778700
785840
670970
454460
530630
743920
347440
207000
828350
475960
428440
629280
511470
259740
655100
329430
451210
336200
666910
405440
568750
219190
666140
830510
596910
625040
491420
513620
508180
409160
650010
621050
399820
690620
567680
580300
648880
504050
285440
265790
548340
375340
839620
749850
552200
366910
779360
458450
370770
774221
808120
486720
359140
252950
621020
748150
237350
72500
587100
277470
513590
335550
488910
623370
405760
801340
319740
820610
698600
795230
886670
685050
244030
866310
779780
683840
431910
337270
657050
401360
852750
496300
857050
707920
667420
465020
712790
215710
24480
756440
378750
408880
340050
670090
732810
839940
845060
605530
238630
725080
251230
381260
348300
716650
424760
221640
855760
761040
732090
263820
312630
487030
536990
857520
769080
416550
380670
352550
322550
385760
511820
766320
612750
595960
707960
385270
249630
764080
468000
303800
487730
747320
296910
55020
691390
699230
654630
548840
465170
621970
664650
676930
262210
342090
535700
435400
251430
773640
473140
497780
538950
843740
836700
582160
212700
587310
768310
440020
404770
612510
599750
744590
656360
547140
356310
201510
884150
753380
337150
654610
209370
701890
293440
550360
615350
239070
362610
261110
407620
862920
284970
795040
431840
767340
450700
522900
717520
703180
490250
790630
751100
656180
358460
433530
699700
400450
204860
297330
696250
286040
437690
685870
322970
360450
595030
790160
681160
662680
798270
94200
798140
329130
715990
334420
365150
667310
766730
581760
461230
588690
690610
434250
727220
33680
439310
368700
265210
691620
759940
280180
558750
202530
322950
745500
461640
263040
253690
727020
856430
434130
200190
674020
673220
528510
403400
340560
552870
415900
265770
620130
261570
297130
847310
751500
683890
300060
872090
433960
450110
556010
623700
458730
383180
402120
749820
575480
434530
529870
504230
704310
280360
661030
436220
659040
353890
444550
310080
702700
668510
827900
612590
772700
41900
788120
327030
739410
327410
685700
518730
22610
209080
296770
384110
527520
442140
699820
538990
346430
806610
351970
531780
536460
743360
801810
221040
44100
628650
779670
200940
728730
526140
395550
375840
388120
365330
324140
483490
748490
503560
746410
423620
635670
855100
357480
760100
249870
699080
307880
284750
365190
352010
650120
270490
575340
398100
700330
235540
848760
242130
477140
557700
35720
652520
679190
571310
202070
400200
740200
348460
207190
705420
301190
562280
275470
739010
705620
607230
224480
253430
443360
656680
729390
655310
657040
203770
108210
677880
453790
350330
751950
554710
873360
398970
447990
353630
312440
454190
369890
538050
707590
539450
411590
348490
425860
755830
556280
856440
659350
398680
634120
719280
503960
528120
300630
756200
839540
222180
563150
585890
484350
840060
428760
762030
625560
311870
764180
382050
577470
245170
310510
656880
747850
586310
824210
727530
820710
594200
330660
748800
446100
603960
553440
371500
420790
383540
111900
650680
328710
774441
584100
808270
779790
570840
453750
347790
841410
596740
755250
555260
367520
384740
355090
809950
619080
803160
752530
454700
831230
612140
461730
457680
545670
252570
589170
456180
336840
461370
369000
826170
32410
335700
737810
357690
225260
865180
397730
373420
218660
265810
707720
506510
800580
520150
671240
749370
703950
850710
352400
338120
466160
702940
774781
347040
658870
307620
567800
236690
760060
413150
872730
490100
209060
841860
777090
297450
407000
284790
575050
298050
719220
738560
718410
602890
665930
517460
300220
617240
374410
772600
560760
844970
833810
623550
838310
779390
363240
885000
791810
545690
517860
425650
821570
558450
598670
804730
291370
839670
205090
522340
308460
217690
812850
247950
285900
21640
487350
443460
593280
555730
80200
270230
586450
307230
314280
525500
617060
551110
840240
592240
616040
234630
472690
842220
298340
613050
656440
466860
261940
529760
315940
807890
650110
758530
796790
695600
681290
501790
260430
382920
22200
438210
773670
342580
342550
377980
448560
593100
581380
729030
461950
383950
596990
539750
711480
285130
757190
696590
517630
8870
553260
424830
745250
528610
280910
71230
532120
717610
575820
247870
785100
655000
373920
34900
876840
277700
735410
888690
505730
489400
776550
635200
888480
386770
590560
376250
535230
757720
739950
667160
510240
318600
722250
553800
542680
378850
321260
447170
867730
874930
840910
381340
683530
405500
628800
554680
562590
50510
339210
418610
737890
416220
409360
283080
420380
522490
225420
341030
860380
651340
522070
312720
701880
639770
606730
671270
251110
385710
438020
363620
368650
388910
667670
379720
730300
706920
686630
284850
613190
517660
464240
496660
257050
340630
427270
363500
388050
547010
846120
323490
545330
248290
668790
390670
499560
881920
452510
487630
251170
765640
437060
474890
786720
676530
780150
827660
431850
343280
546430
702150
294160
37500
559100
449310
454730
766630
342100
342520
656640
849320
666810
620280
749710
448380
466800
414760
597670
740000
473530
377160
248570
857100
71240
214950
656510
458770
834390
643590
573170
823100
571530
619810
71260
838050
671390
604160
351290
582270
329340
598440
400580
786410
889680
707320
320240
747470
749840
716340
456670
538170
264160
799740
446870
425220
410900
340440
685120
679480
765170
661370
845570
783810
724250
580420
514830
746930
822750
588650
729060
527420
522090
368570
814900
703920
740260
363970
598490
547390
509600
667780
220
290890
397700
589440
524220
210950
214130
261640
333650
851810
503210
542570
856540
828460
431870
257790
709220
664190
220780
857940
496500
818530
683810
453650
500320
777400
405830
410850
388880
356050
560710
745510
744190
282210
809360
750960
413870
862650
337290
607040
600290
375530
746620
711240
860860
404700
200130
734840
810360
205650
752830
790040
740400
672290
850310
520720
448660
653940
560730
677820
639240
595090
552920
617020
384750
680680
435600
372930
407310
686520
362960
434650
255300
380810
514890
687920
494290
529590
527790
637090
689090
575960
709560
761100
824250
205230
433100
558030
665090
589780
489170
595460
9940
287340
805610
706370
419810
285740
502810
789580
495200
386140
646210
511390
370480
794640
326470
693890
504380
302710
681280
268400
457320
287390
386460
361280
324470
710860
378260
368390
355130
527820
836540
314120
854870
218510
507360
588540
856880
429120
773540
512160
607160
601980
406690
418650
341930
503480
734490
421610
850450
98900
222940
667800
604550
525190
502440
788500
422910
716090
690310
840580
540100
209330
799180
227200
655490
295850
668730
841570
410110
693250
756860
21690
47000
400660
275530
845490
807880
748990
300360
343410
857330
33980
225540
437160
732430
564210
745400
285920
215470
361160
813650
209630
659560
270150
695100
371410
576540
327860
788210
630720
671940
428880
483980
315460
561770
460630
301860
271970
213850
681140
410890
625730
397940
463540
562330
463860
501930
600310
670780
288220
489360
845420
246760
471330
289090
258970
661650
341530
290260
806860
344740
253840
273500
454180
795050
441830
337980
393790
739290
236150
662470
321210
427510
862690
528670
803680
816700
415010
503550
634160
366230
325730
248630
55100
341570
386070
372080
703870
726650
444690
796380
701930
656210
433110
746090
369230
626170
481420
646050
263760
503290
727730
423590
540660
803600
496340
358830
618750
446760
857180
560080
411750
803220
646460
331480
510290
535690
239200
439550
664340
505630
642170
517330
709840
592570
210490
22310
618080
595550
786840
820030
737600
470270
827920
307780
860450
463980
383460
844490
38230
717370
442770
307150
244810
351050
729580
312900
814030
449440
526980
396660
680500
550440
407600
424210
290990
682920
434420
291190
297590
357750
386420
744570
241930
342570
635550
549810
583470
456810
492720
778150
564310
291070
49900
214560
322450
545430
598610
262790
299340
612390
6120
359250
225600
567320
243950
375120
545820
673310
444940
578470
874100
269710
382890
506260
466770
247660
488080
815070
350530
660320
711100
339600
280140
215530
277520
645760
671670
593600
446330
738130
495820
463240
628560
553820
709870
621080
576230
617440
208730
398450
349840
525240
449680
292400
205990
332830
726200
307570
378240
566160
573080
251210
624430
866520
712970
650440
489610
511750
601240
673530
305760
392120
258220
676130
563390
765400
805660
251530
486350
218410
637670
304050
529160
310850
504390
674310
670240
268500
284160
253710
554750
764580
474830
420
705780
275200
327960
620330
234140
645260
301220
411960
625990
727340
535440
567270
511010
847290
592730
441670
437720
712730
493540
20920
286160
595140
466780
416140
382160
467520
673060
409560
226780
350740
376680
778640
828510
526490
616000
450670
858220
365750
452230
412520
322680
621830
604980
422650
787690
434960
351170
870750
679200
439400
366620
200150
805090
887750
525680
773120
222640
588950
333290
249230
707870
644080
385240
362290
585080
328000
412270
402300
860390
223730
514810
294040
49470
503140
671720
509800
45740
523960
680120
370300
301840
826010
408250
58200
424250
223850
336700
463470
284390
411600
372690
800180
270550
242920
236010
466730
322920
431560
477730
203830
284410
501120
377200
769920
800320
655340
339130
295750
443630
340600
454070
320120
817820
615340
437880
415990
808570
743640
296050
520960
739850
476600
463320
570780
527470
486760
293480
378630
596080
534320
851010
590690
856380
259870
798330
818830
334300
322900
876140
336280
27600
833650
615090
416210
830360
463160
432230
409350
816180
777200
428980
288020
793360
379760
437920
412250
733650
18040
697010
363650
781440
40100
459310
372350
821550
704470
425240
395580
348440
409660
878480
275060
331470
725540
573120
758660
335450
287840
348650
799240
467960
57900
370640
287780
820090
435040
423730
514620
695970
251830
392070
505090
373290
546350
788730
661830
339570
403970
253610
297740
722810
769730
628920
832030
578600
761330
337180
640380
402170
502520
812900
265590
746680
517190
489260
698790
286240
327260
368690
214970
690080
516790
697850
640880
237850
498500
431590
659940
554660
729740
800190
714510
408900
428510
722960
659810
447890
813280
753900
655080
669690
251570
588120
531990
270110
271640
814010
552410
388620
689750
325090
621780
665980
35320
524660
496450
486820
651680
810160
314760
752010
461560
663480
495110
739050
398180
512240
726320
339000
625830
371380
398140
502940
724350
251870
446240
454890
263080
756230
715570
449960
793600
486460
765940
760550
252010
589220
709970
360730
334850
645330
286570
460970
655250
674520
296930
625120
856490
773620
440550
779320
321490
240
110800
571520
745560
688590
448550
350280
420930
677980
654670
357720
436940
586750
371140
557570
253370
420290
523720
865810
434410
312960
287290
393980
667870
461620
613120
552580
691690
466480
396090
570950
271900
804830
636170
273740
291030
491130
239490
572240
526800
493840
762490
759460
462480
621850
444620
679470
578930
607720
660340
247140
578720
2870
409730
375600
495730
859440
444090
622650
601640
293200
427980
603400
235720
420500
786180
356110
813540
200910
242050
369400
597150
682630
471220
859420
401550
729530
571720
475620
750660
435100
225280
340650
359810
278420
804430
294810
798240
294750
491390
778330
431120
554800
485920
591350
22500
439920
383710
660160
615400
860520
349020
708970
599880
448070
467470
845940
339910
792350
417310
770600
467850
598680
318130
574710
683790
685130
208620
498990
510520
754800
268320
577360
383330
710610
206210
460120
354950
475530
499440
812740
534200
508940
434880
697020
600750
603350
488040
335660
585690
680930
359400
486380
722750
212110
807940
385960
659130
319760
743190
343710
570980
303680
301750
261760
595430
363600
502770
388420
290340
365510
533320
366970
362810
430170
879280
750930
548450
438090
852110
785610
525360
561740
409510
778140
708780
311290
324270
316750
304430
646600
450290
318650
493900
342970
449180
417060
209870
421120
543940
744430
665430
771410
490870
675870
333300
372940
328600
835600
523090
576050
679650
612160
301380
468920
754410
350480
102700
390730
395570
352440
463030
816160
585950
340720
789200
786820
586430
400280
755350
833540
468150
615970
262120
236730
660900
734700
446790
750920
467330
543440
804900
347330
558990
386280
630060
440470
517930
355820
425900
349100
480450
274500
520680
386560
691540
402130
437020
667760
490490
239160
861080
731230
463060
630310
457450
661740
206500
884590
872330
442260
681480
260410
513340
628750
574640
584800
251410
262630
838260
704760
470060
856400
458710
873280
558850
349140
473910
713610
534550
626580
536560
733990
381020
223430
653120
522030
365760
671560
681000
3620
415480
505110
448050
297000
611820
597120
262550
490690
285010
766570
387870
291650
377100
745380
306000
809440
677870
310360
304690
742460
236110
416840
364100
824420
587430
749270
505640
644100
263200
423320
252750
824640
284870
203990
870080
850880
592660
352220
690930
733910
507060
462640
365280
618120
758500
793680
604740
320840
311170
668850
713680
497190
707470
332370
789000
418460
567430
553640
576820
632290
658660
833660
546550
354770
92000
497470
861460
347160
293780
349250
547410
490360
357650
804240
543180
451800
339800
799610
244870
410820
591370
327520
381130
544710
825630
427910
712090
735850
718330
571740
440690
771950
517210
336060
511740
678950
255520
388900
698490
395190
312280
613970
288040
656460
476490
214050
549190
331610
446770
406310
528450
554550
826000
327010
349710
372150
552160
422870
638110
430890
495390
712000
329000
312840
449020
402060
513330
374030
402880
267340
202750
683570
262000
703050
711660
307010
492290
760080
257990
436410
357320
813370
718560
741260
328550
690570
446310
690560
516840
444290
399920
301420
703250
307670
555890
609490
871870
807830
209850
815730
277430
520440
809240
423230
340480
600740
703530
541230
858830
776540
239250
460430
321330
843040
413010
344500
793450
381850
340490
357120
501220
506730
471010
581650
415850
318860
456830
543140
709400
610500
337350
279140
681340
244590
686450
608440
681810
461490
300300
434860
528110
493180
449090
434680
327500
798790
755450
257830
295690
205950
257970
265470
844750
402840
360650
72520
560220
319140
347710
441350
654650
666820
532660
680980
466520
712980
495050
431810
502140
473970
340460
318530
365070
530560
831520
751270
302950
783200
491710
296150
612370
869760
327090
434460
379380
232890
484990
706330
509400
271920
355060
506980
284100
502320
227580
649000
838160
665630
369180
239800
627620
442190
440450
45100
467310
439940
381990
661790
433350
45770
807790
294460
390290
574580
726760
633950
860240
401710
514650
539290
488220
761070
348820
811250
586390
548110
547310
517350
562430
367450
489380
394540
573800
443570
209690
200900
108500
669000
293740
667810
294830
403270
268220
565640
468080
341750
562360
263500
809850
850930
389140
331460
402750
43000
71250
235460
224900
820510
593540
611790
343340
554940
541370
556160
332540
411970
816060
529660
278570
775530
241600
754930
359350
19500
239840
681240
370080
540640
751280
386710
860790
561000
566540
767200
375790
63230
203290
650350
534980
476930
434600
749730
401290
577460
541310
652560
705430
663300
818440
268810
397900
354400
631540
282680
340580
354040
836290
386940
660980
352890
612110
389740
334940
576960
406730
660560
575010
360850
492280
678970
753100
733430
837930
401330
307270
63940
265300
722600
240340
274270
769360
424840
670900
292140
680340
381220
716010
586830
612310
794240
515650
469980
694670
330820
298400
258590
507490
537100
458510
333340
658430
490040
543900
816840
450500
645750
458330
614140
502410
349190
215080
859640
364850
443450
859900
80340
367300
256370
775960
438940
809700
92220
868470
702300
668630
569210
658260
378720
502150
308380
443420
591990
694130
90500
241540
293420
713080
635730
73060
715800
428590
877840
747730
32160
623640
756190
405190
405820
292120
471730
318310
444330
345090
448640
434820
840020
588970
503340
508740
536660
208400
771240
581600
550650
249330
496040
703840
366640
491080
284460
485870
793400
844210
411680
425160
306950
666220
535840
11340
287630
485080
427520
607760
655700
293680
762360
426170
300760
750790
685920
817250
280560
353580
41740
683600
806230
640290
312660
336610
829080
458660
717020
885620
612100
430410
851650
356460
323380
491060
703060
501860
440730
577150
406850
601020
566550
613100
325870
252630
485340
852390
463350
349950
311010
287580
574850
303510
211580
217290
250600
467570
269210
385770
578850
424750
528740
705250
732520
374830
496490
612470
747910
617700
599490
368050
858420
635310
599420
606950
426190
595730
560740
651560
337340
447980
726600
335300
842440
536770
749990
271670
804440
253790
354860
781100
573370
759640
319910
444880
736430
663370
395140
444140
362890
536920
802660
811540
720150
215450
736200
719660
113400
493760
436480
384480
301930
319830
657630
629960
781610
780800
221180
526540
464000
659950
404200
698330
304580
860910
518320
582620
544970
355520
542050
705210
726120
698710
667010
389330
244730
488500
95300
751340
311260
835740
537800
522990
252430
273730
686760
468330
385060
858370
616750
724280
750740
280320
479310
579820
587710
681460
747810
461830
468700
658330
820210
718910
817770
238430
589280
639300
627420
751690
762590
443850
308060
498570
20700
589510
724520
440790
470300
395920
335830
726230
324740
574220
806850
795160
479140
108710
568770
346510
816610
537200
859980
776100
514540
11280
851670
575800
55190
233980
680310
285980
667210
546030
272600
459350
528070
640600
611530
687260
634180
549700
557810
719210
444350
664570
340470
384280
373620
518060
786750
770370
780000
562340
538790
524690
747310
219640
576310
841260
282590
618690
588090
793700
349690
327680
418270
246940
692930
498330
279900
233610
247580
283020
788760
785130
212480
416360
834890
434290
485680
675490
584990
751640
255070
233740
104020
294020
364790
844580
859820
716130
675030
450440
329690
448370
440950
471170
525690
461850
253050
859030
407020
674030
371000
750420
705050
620340
669520
586030
462700
536670
766000
312610
757450
581470
491030
556310
833290
342300
325630
581800
669930
788150
603570
314980
249990
532900
256390
573070
847260
681170
497730
72200
759950
882520
262240
320650
610350
651550
443880
608560
706030
370090
503420
391910
247000
699460
783060
476480
787720
369860
810570
410440
232970
445210
810460
671850
200710
314050
815390
240220
796600
542400
779420
454630
533330
464670
864260
720320
266110
610930
522020
609400
369030
769200
387060
391550
382270
560010
204960
344230
642610
520930
529950
810780
870140
513370
806100
461030
606150
791750
431600
777430
753230
390330
793010
436270
634150
312450
31700
428180
654900
344890
551840
723360
799840
754330
501530
434740
834380
462100
424640
549860
654470
870990
673260
745650
379290
428530
412620
792720
555830
809040
779770
816330
447780
676430
304530
532980
711640
826420
819910
345330
361130
589740
629430
589590
756490
496290
252830
603230
776160
559310
396800
846430
385370
669360
328940
506760
810630
529480
251510
850810
341550
375170
750070
671760
841840
447950
469610
391180
336160
864860
694170
390720
289950
879410
358130
581100
496250
399790
739810
831180
391960
451700
465870
528990
539340
332380
416180
504310
35140
851880
282400
540780
524340
102210
423880
609760
835530
625910
670160
405610
600530
207610
502820
634200
269430
395520
416770
249680
829300
491950
279520
404530
535480
370670
242640
737640
361430
304240
653210
707350
365900
672680
218740
448280
677040
740230
585740
525740
646500
245050
286320
367240
412830
409290
377060
642710
565390
17570
772070
684320
214190
428020
685310
695590
699240
428100
260250
568490
512090
684800
72000
810540
701540
783180
237370
388720
800050
857440
375910
662200
352610
545700
486230
427680
508620
390460
656290
534560
397240
489460
371620
569770
473690
433910
581670
790960
380210
239090
777000
333390
448110
702670
478210
749120
214790
459040
231020
722910
848280
604920
341780
449450
654080
293940
486990
754520
686300
393170
1530
242680
618950
730670
22000
357190
356070
384300
838510
495980
639650
400170
619340
635850
449690
685390
767840
665920
740570
431240
401120
553450
427770
582990
674850
10680
776740
492430
313980
457490
884170
658990
552690
876200
274170
321160
255340
411980
780230
700510
761480
42700
480770
516030
270130
843890
831510
512680
629220
661460
487040
524580
380120
253230
493820
340370
701440
729460
341680
288060
421140
215510
836260
509420
308270
244690
805360
371900
747190
343090
835110
528770
770120
612810
575460
510740
290790
809540
884770
363900
783250
312980
809430
877190
208600
710480
470600
427030
443650
841210
467270
374990
469720
473460
735260
724130
747590
201570
869580
815450
264060
700160
635390
648630
600280
421040
815170
455830
511090
29180
63380
682740
485670
635430
336140
477170
429350
415270
763750
219990
223810
392970
215670
710630
728950
672490
833300
243200
339090
873200
338190
633130
544180
663100
635930
654580
705770
305500
742250
395100
347690
661960
726340
421890
688140
772750
537380
214630
501920
49540
345700
276870
546660
674330
72850
299360
617970
429020
235380
625180
558110
237990
398940
326460
824760
311250
377890
263640
340880
487380
864570
616240
794570
8850
561930
334560
410830
690820
576020
821790
331600
892880
474980
689910
515890
505550
581980
706380
777790
250660
820460
530950
512560
869570
764720
497510
845500
589470
556250
600440
418370
265240
460650
702200
15500
547730
504000
396860
541720
544550
380020
823710
730220
589690
377450
503980
792650
876480
381100
313400
351720
265170
632070
524050
316480
363330
514530
306020
699680
251490
561230
350810
283880
18000
566670
793740
277490
253510
437000
769910
616890
411300
415670
666270
802090
364050
841100
341000
453100
381170
392260
815840
743230
798550
713160
476530
469890
463270
715840
760460
549400
327640
838500
366860
342280
468650
297290
270190
451400
304670
727150
628290
289070
691830
583030
533150
870180
402970
551580
370240
759870
803260
594390
696310
715470
375230
882510
588710
748820
777640
492630
711920
48950
453710
854770
689990
689070
485970
805870
532920
290510
383750
55230
575580
263480
447530
749570
476920
338420
610730
373390
860350
428490
552110
821670
363410
366000
386490
211180
214360
32200
424280
265990
772540
735540
493200
232750
287700
237760
698040
671650
336100
523210
568030
662640
742010
463220
781490
341500
829210
513840
372960
391100
316080
105700
866350
222420
15560
617680
553210
523650
686110
526460
500670
681630
664290
823920
627450
578080
356450
475520
796900
220900
709470
280500
837780
338330
682080
331760
426790
368140
789890
573600
242110
765790
632050
529150
785880
275290
786580
251730
528430
576980
582360
698540
518660
263380
620650
786990
672650
539560
485360
288100
837550
760880
451780
272270
202170
673600
875680
772450
780630
520540
584370
859610
337970
516600
473710
732770
290320
674800
509000
420360
261490
400360
464400
397580
787160
432870
78000
603450
704640
533950
457520
479990
862740
450540
489080
373970
428830
559300
330270
360680
626690
566900
754270
761460
618630
789950
841140
762480
281990
317730
322910
307030
627820
757860
589060
437340
773390
371320
522890
498470
274250
544730
641320
703760
246580
403200
574090
282740
501830
752500
487530
618970
410000
446040
220740
446610
445230
231430
407940
844800
797040
252410
428900
823700
355180
485260
263400
711690
498710
632470
372430
432990
401170
381250
592030
296730
503650
619350
582370
332200
843980
514990
749290
632170
263560
371550
527320
375820
205810
359100
680400
618610
313810
667220
400130
821560
595260
333980
637880
525450
791700
204580
547960
504010
715340
597230
861770
233250
281060
403120
816270
774561
835640
248330
470030
620170
758700
289930
207250
672040
446850
520530
429690
691680
848200
513920
378070
583930
449730
508820
494230
202370
780280
828250
272330
553760
380990
476450
792970
254200
527760
15400
795220
280200
604240
574120
497800
317940
298830
595740
363680
599630
517780
474910
597170
436150
587070
682270
548050
662380
878680
496730
366380
845350
305820
416640
316020
373610
527730
688620
407680
445000
845200
345860
638070
792800
869630
876180
491620
826660
393150
451570
461860
325520
801900
375750
658610
564950
339500
560300
440630
528300
367800
262960
856410
750780
453660
662210
710690
608660
374960
700740
824190
539720
702320
256330
665440
763980
866280
511330
575590
529920
50000
722330
710820
266330
332630
696180
346760
412760
764500
682470
656580
292730
675460
618270
529280
250900
578870
50130
763200
590970
827210
304290
452930
658490
774191
71310
417910
807770
209670
274480
310790
708920
115100
630050
99200
572180
677330
705710
281640
630160
233190
605990
568440
684820
536470
297020
299440
408280
292600
559960
666690
718180
416670
776720
367700
815250
657080
538840
266050
391600
504400
659180
418340
658230
538070
314450
351940
603140
518790
504470
485390
879440
288140
719730
306670
834740
316890
300620
455000
456690
740560
250580
393080
864970
502880
555750
700400
434340
320610
248610
629770
465240
342740
671540
763540
610080
476370
615610
816500
207080
347060
685790
432180
677380
528980
497420
102500
345710
723780
658210
682280
742120
409340
521790
696760
822970
440420
691630
720200
611660
580990
547590
448500
377320
513450
317610
491560
543430
514340
568340
451930
782570
373770
745030
246840
805340
775900
298840
605310
684470
371880
613450
496790
860360
671800
582290
338980
642830
247370
778340
622910
871320
518670
840100
24420
397390
381140
842870
612740
718220
389220
347560
823330
206690
514900
741250
866800
819210
724570
690630
384200
823360
461350
545050
747650
682780
828230
326650
438430
660170
331220
425670
223470
571680
749700
241240
848740
538510
847450
523780
366920
8740
250560
229480
712210
283680
384690
663250
302610
487740
649670
511700
523730
632200
422980
246300
577160
796130
357770
708310
308520
581060
491090
229580
317820
19320
737260
302290
531510
589640
771690
561340
716260
639720
593150
718500
652530
668520
533690
637870
253190
504880
360530
682340
672920
576160
759260
585990
239030
342310
620180
616880
416680
204530
438640
416290
230230
652200
298850
753560
308173
300400
822910
439530
611160
521350
807310
203650
618190
528180
418210
563130
748650
451060
798190
368230
651660
703720
394130
362380
432480
536800
436140
252850
305480
531270
622810
260160
553040
351990
728880
308040
821400
791330
587560
262920
407840
508900
642650
707000
252090
761170
388540
369550
654800
386360
704020
603120
636310
860220
786510
539700
23150
807920
824720
832790
465720
339640
670370
463010
445770
417990
322770
370590
859120
820900
288370
656710
287450
489930
620220
493370
457380
394960
636330
233470
269770
686500
633370
603090
565380
878780
511380
205730
438260
414190
738720
221810
391140
372250
454650
823830
795320
504280
574440
436000
872580
312200
729670
407230
212010
387070
558260
98600
581000
483770
829600
504500
273070
22670
776020
374280
783440
425410
592270
627910
712390
393430
864740
650750
544800
770320
317320
679690
336240
353640
317530
623940
693700
804700
205060
606500
504920
585450
734750
706210
339860
438220
861790
635260
817810
840250
549950
225160
622460
556710
614960
515040
270590
275610
21300
583150
791600
214570
498380
678820
355080
714290
737750
253310
455700
846260
787530
622370
12900
364300
728020
243780
361950
232050
18020
567860
386870
370550
369700
490950
295790
71340
237970
653190
570890
495990
621810
407110
317710
357890
324570
324650
690350
611780
792100
601870
738880
508710
709770
248970
879120
573260
576010
359920
429050
397600
430290
817410
250620
692590
830710
526740
216910
341760
600190
335670
35460
524540
377260
866510
391170
200550
350620
718660
636230
845180
656200
624780
696480
391720
700270
512180
454520
381120
376870
98800
262610
536930
508300
429580
465750
722760
368730
404030
531640
597020
689360
465010
347470
493280
749890
278640
587390
510850
592120
230070
315430
34030
