354930
512230
350210
323190
670850
829780
662730
874840
676440
763400
333210
409460
467820
407300
444020
587210
702110
743660
393530
314330
500660
46450
760490
449460
236090
348840
448240
491720
661490
429600
606800
727460
554620
675360
691850
523680
712060
219830
529580
733530
603330
625430
624710
72400
787100
333660
273240
688110
743340
822140
291710
808950
722730
557040
528730
70000
264260
726260
327440
546070
767020
487180
691450
794740
355530
567140
385410
555280
388960
253750
409370
671260
437630
804300
623320
488730
760030
826130
292200
631990
523070
397400
755560
749340
516580
573130
404580
385490
239820
45410
311720
656170
337490
274290
631510
436670
763210
304170
327670
527240
346470
377080
816200
245620
257510
755980
320820
226840
777240
320630
635940
584890
676480
390310
437520
580950
414700
318260
517680
425300
753270
105800
594410
855370
543240
573770
716680
790390
850720
712180
560770
862990
718490
439770
744050
387240
675530
280600
677710
860650
575670
524350
774811
583040
434220
447120
381880
249050
427730
233210
389260
423550
261030
547680
494810
785870
559930
359940
657550
781000
523060
745890
699450
524680
368800
298480
262190
712650
819220
764560
502780
573490
282100
709880
34270
437530
675140
850840
381780
731120
314660
461340
673920
502600
454420
630460
779550
511670
764510
239430
377970
342660
248800
370460
559900
710450
241720
579230
622480
845040
354740
368450
650000
551550
406120
779190
792160
301250
312750
725910
571860
654920
372540
647570
324390
697660
820760
266230
270410
817860
385560
798370
639790
412020
344960
223410
416110
415170
574860
406350
352780
531240
721440
612150
568920
520300
233550
718920
455640
813250
495280
429220
452060
885240
684420
208200
631490
514930
674750
500790
745090
208500
350770
368760
636220
513960
849970
398460
503950
449250
591610
439740
43600
732900
244750
662390
805420
844930
648750
522470
727480
561590
775200
514090
356520
442290
327760
327000
714280
456130
412170
576410
394160
412490
543260
33390
629400
337210
20200
523000
596540
647050
689400
664510
272470
662610
255870
750900
642090
726020
761630
791500
757870
613730
745010
620900
668590
205530
691600
436490
524850
785110
271360
405900
388060
280890
409870
314020
577670
239700
337850
551650
430300
356530
789510
503400
851200
413500
698650
472680
731940
693090
608530
654880
382130
437100
308600
649460
649810
487220
312300
696140
287200
500180
729990
680350
868500
858840
655950
96100
656830
539270
781930
717070
682510
613470
343440
506150
760360
595420
491220
388550
854300
766920
251990
554310
327880
317620
265630
389170
464440
40400
264440
418110
210550
688430
232770
402260
99110
724170
451020
817720
587030
810000
596650
449150
456780
512170
332070
658710
848650
368080
264020
823280
732360
222140
453290
394700
448000
721350
511460
697640
858060
816870
92600
252130
415860
448730
521940
532270
689340
464100
371570
656320
499210
534220
334030
428920
492200
224040
328060
429360
609720
462440
238260
833910
700920
268910
747990
655790
409600
329240
533820
660940
671550
709790
760680
598480
705500
381210
559610
497960
704550
686640
386330
527720
402040
365960
344910
869780
569800
392020
431510
607180
520750
731190
328680
502210
352520
503350
654910
260330
543360
535380
314570
237430
330100
698980
708930
60600
801200
394760
394550
854060
434510
399040
794760
645780
608760
601110
715210
520600
355690
664660
589360
534780
809140
428130
848540
856110
665270
302850
528860
869440
521890
41300
366090
801080
228320
255280
701810
344190
572410
873930
452420
285800
409490
796940
553180
669390
556190
350080
470310
508230
868240
545650
8190
625630
558410
568200
563170
654020
358760
340830
638780
506590
280830
553140
458410
263020
838440
823770
464070
265830
856980
490980
669050
614900
363940
345430
236370
302440
827640
354160
672860
712770
234900
349530
338310
466740
362310
774401
535400
691250
40980
404620
527990
286690
672130
680330
761570
664460
342620
396710
396650
450190
406170
839570
313080
464380
728670
791470
367140
560820
566700
437090
619780
882330
667890
343020
566430
673760
402310
438920
301910
407630
861210
592400
524970
494960
354180
800240
499510
362410
560130
706020
337280
839530
356910
816660
565110
650810
58610
521130
649300
704680
710880
392620
418430
624120
263740
273110
291170
462630
511610
513580
209390
682620
628840
548500
675950
846470
571260
326180
313120
606370
739780
500690
804350
625320
538390
603290
346940
372820
449510
717450
238910
708260
681910
413410
693830
803030
499140
448160
320520
396700
344840
251470
39800
694140
579020
428110
382850
233370
645690
486780
816170
102400
504260
599010
643820
334350
481870
337070
341940
566880
670930
551720
659110
62100
517720
540150
857010
598500
386840
550580
769550
756450
9970
324400
299740
656570
281200
567840
296970
701910
58550
477770
690150
473480
528270
90800
760820
746500
463460
551170
716190
415880
461710
776820
391340
102200
539400
487330
461870
411620
22600
485730
848400
262940
315920
535520
586950
323320
404860
326380
336730
882560
307190
522010
18820
673250
321660
627270
438910
741450
451080
376520
307170
661000
471270
555440
429660
804550
433840
589420
643900
580890
657200
747110
487120
501950
392940
212070
462830
724640
434790
326340
775920
683760
254700
805500
490910
49300
356420
864270
501190
490860
635830
575550
513990
416610
839020
454380
624050
625680
851840
279480
778230
761160
598840
301640
789710
314790
347080
426240
681330
253630
846010
703270
745690
785260
404100
597220
620140
647990
580710
544330
418300
580680
545980
778540
244950
471380
652880
827450
828290
280540
262770
572290
531180
745930
670350
491240
446150
497790
641910
227480
384360
669960
596630
841980
341470
746350
341510
313690
630080
318100
331670
211160
848710
654440
493790
663380
729330
331400
214550
656310
467370
836420
626600
592340
884530
453700
515690
434010
297100
253290
679860
863980
676090
226860
416700
15740
508840
810230
700660
673190
347430
486810
248820
690140
786340
642000
827220
708820
418310
530370
812560
807820
357670
654430
338630
808420
752310
689680
593680
485160
310990
265000
527270
791320
574940
856130
250760
833990
286000
324750
468560
810760
314240
858870
366040
746940
637340
366510
250700
394970
579870
228360
458490
505400
405640
496390
6600
378700
303610
20570
212030
708850
380750
822550
877820
387370
522710
867010
536430
769940
432790
265970
471700
338180
358960
680550
435360
491100
355310
248530
862150
200010
657680
492230
650690
594320
408650
516960
431750
438460
227000
338890
351230
320340
657120
624910
257630
809250
45730
599460
707370
751970
800910
800310
824580
581030
207430
629540
829490
73010
529520
678930
445190
684870
771060
335620
638000
816490
395200
311240
632020
850630
395470
464850
602520
636390
402150
245280
870610
361990
564080
274190
670940
427570
552450
704190
557520
48720
731580
633880
387840
629030
779140
601430
698050
346420
821370
360170
681520
505140
296850
365320
853260
730050
879920
397820
567580
251910
729570
459170
412770
522220
429250
734450
222660
764590
447800
467930
813680
322170
407560
255420
679770
494170
616860
869030
353940
26500
874400
429480
812450
655380
522940
322440
500440
423950
688000
542290
812800
251270
394600
562570
57680
598880
484930
91200
558780
326360
235320
745740
694970
669410
321360
282860
684620
674960
633360
586970
763090
213610
80350
663240
212780
452450
467120
387100
649820
545660
740090
407340
664250
504430
679500
600410
517620
525480
349260
770380
833800
614660
467810
315110
486640
622870
829260
421740
339460
448470
514570
311680
574560
732370
778930
755670
55210
305940
591960
372800
387340
200020
805820
412400
737710
570940
672030
357070
500260
432470
370140
627670
574500
842760
810660
497720
655730
617630
594680
551320
754110
856450
445110
455770
541380
580200
617480
302060
828150
655300
618670
864940
712150
439880
822720
564470
273960
498190
504840
375420
314370
302670
429430
671440
442120
631010
711260
521590
635790
448250
766010
434160
817690
303870
801780
384190
772670
738610
433480
525070
377900
516870
227800
378100
717120
529360
732670
98810
327070
454220
541240
403880
720480
435480
460910
515980
477870
251450
701860
397500
256070
513980
399600
394310
794530
497100
770050
368680
650720
413350
731860
757230
407570
266250
376310
457760
533860
678670
270270
683240
698720
233720
402570
541570
425070
316970
538550
252470
223100
692030
50620
762520
564010
710550
705380
287920
370070
737830
348020
736840
595770
747280
628420
229890
655010
603810
351240
495720
317370
762650
204060
498340
503860
717440
527460
623160
852
723610
366260
384700
299720
467320
795680
306440
774261
334230
424060
337480
721000
241760
337650
105420
584400
346800
525040
489440
355790
292570
829420
536320
857570
497060
528950
607880
658760
96800
554330
806080
348700
216290
869110
823390
328780
375320
761790
655470
364130
560180
558790
450650
682480
397860
862370
700770
869250
425760
40700
206230
586140
554690
664610
271730
386480
800640
360580
375580
806990
434930
382180
532840
782650
345220
257170
364930
293900
265610
215870
840700
552300
17100
595340
626760
610410
218680
470580
643930
690120
636400
412410
337670
294230
603220
550
391380
492370
773650
379530
433600
453720
606890
271820
447200
633350
443830
230650
312220
548720
739690
802880
288880
486430
572520
611630
517240
554640
224460
670400
301200
841020
99300
227220
473770
277510
598230
640850
634090
351480
664320
586200
366350
539640
624680
881730
581740
651990
421260
652980
709890
520380
717960
356000
399910
434660
777340
357200
731520
377250
539370
592300
769840
420530
574420
354030
207670
510620
843430
501080
819130
673040
291130
277390
346830
804080
431680
551700
689040
503430
696060
301520
494160
740470
376570
613390
409520
384000
92800
861740
775910
647040
331440
803930
248390
243160
585910
211820
278100
415200
779870
556090
388970
713450
591130
605520
214340
600430
670280
494990
233840
347510
437180
689350
361550
420110
398120
492130
362860
568300
839590
525510
763070
798350
607700
713520
618310
333970
295550
805400
253110
342130
422110
481180
282800
111300
553790
845820
765650
834180
776670
604170
735700
235820
784100
433380
701740
326670
796580
230050
429390
597040
391490
436360
640210
402020
691580
617270
331870
402430
209950
366320
105600
680480
264140
471160
315830
575330
420140
519020
550310
323470
398110
423440
351150
692950
449820
49600
569380
365060
644390
230310
261740
786630
332480
365120
569430
503580
834750
365400
536050
820050
579110
579950
768640
568320
833410
336440
707060
63200
886470
586320
854540
272990
781810
298380
706520
461760
405650
775720
307940
517100
371450
431830
634340
464360
602590
604950
421030
621930
644480
722990
421810
209730
865130
314210
252290
579180
336020
586240
529500
317300
263680
622420
600630
667920
441280
788970
658590
266130
364350
513250
540190
332270
547360
740990
665590
505750
413760
502800
235980
569720
844130
559210
226560
351490
340390
428230
862120
451880
427470
367110
828960
535750
515230
326160
848270
390620
387290
513460
529900
575640
555060
386430
237630
761110
680190
479110
17180
360590
496230
796370
359670
473450
864300
454330
360430
293220
875430
843530
777760
362940
637850
793230
264380
585090
611800
300
350110
364390
42120
509110
568190
576290
746840
794800
651010
284180
301460
316610
876310
866260
259660
551050
792410
444720
719090
535010
335000
797410
465520
458600
531890
662540
868710
346500
540250
793180
562460
659260
525860
341730
595780
434170
297370
530070
612170
286300
496030
552400
614850
717330
843520
369530
804460
889770
488300
576370
113200
379350
764280
70620
787390
864010
460060
577700
371180
462770
717640
725140
713980
477950
356510
592490
793640
336010
421060
557600
402030
390680
411120
412970
490230
825490
788480
563560
625470
568090
798850
671120
435410
756500
438680
334070
547540
264520
426290
522740
668190
252110
613670
787570
811950
570910
444740
639840
439910
356540
877060
387430
669630
569420
553430
710160
699150
293960
368000
49810
386990
203750
771680
690810
770160
548350
763340
762460
555290
845600
538710
673360
853590
595300
620590
636100
778000
92200
631830
813660
555150
446910
674210
743480
288260
673980
773330
530830
359260
625740
500170
861720
787420
322110
567340
809050
654260
720730
802650
842150
477910
208580
352240
334280
286100
260790
555510
320670
671200
664620
710110
438490
614860
656020
217100
400510
629350
460150
694790
701730
42500
438340
366590
496670
550200
277890
301360
497300
587180
416040
722230
646200
513780
516120
229810
522200
764300
304910
348980
517280
775800
566350
638850
810050
404820
365500
296220
311480
449120
730920
269890
375680
562320
531730
211800
559450
682960
372950
674940
710470
581300
311980
546380
849550
262450
652340
606030
627460
577490
742170
331510
111600
388360
322190
398670
375430
575510
652270
825930
420270
377840
594300
235250
262750
719120
314000
222730
234290
274350
495580
805920
503460
713170
565980
324310
570810
612600
373480
652810
702620
364360
580510
798280
416790
783940
323680
695920
258180
706480
452970
791540
453500
243450
715660
667060
688380
287860
668560
295670
649190
736390
412860
777560
710120
643260
671330
496680
684170
855480
97330
389860
300840
716370
680100
469830
711560
366180
864310
803080
268970
862300
658970
598060
211280
440310
428550
416850
691240
725870
353330
746570
323450
584940
236130
508760
656700
432950
856120
454160
661110
563370
8980
341800
549770
310880
440720
457770
554870
357600
344850
670500
517230
702820
589680
758790
280930
252550
543540
711330
269530
696170
795610
800030
430210
485630
415350
675830
523760
244090
115800
840790
435150
316790
734570
559910
532070
823730
324060
468100
546100
251650
312780
509960
394140
331790
699550
463870
432100
447960
209790
466720
313340
301990
453770
378280
551450
438300
466430
9880
532700
342500
510990
657470
724110
589320
596050
340220
237740
383670
525870
772610
740520
444130
587570
420570
8955
653220
629840
644930
364000
321800
327310
434260
602940
763730
737930
823040
444260
210770
813290
365560
673480
541960
418240
757700
436530
680860
713840
459130
811290
394290
748930
676850
488770
705000
820580
371530
818890
399530
793940
763290
725660
693320
335840
500940
591580
763000
492400
408170
775690
474210
559140
425820
640330
557400
240720
635590
687890
497430
722370
509260
351710
18700
659220
343930
615490
694490
480410
457690
646570
349550
90200
726950
387970
689820
382260
520470
613010
616520
756740
692170
301300
427610
339510
511430
793050
359310
676680
293860
383980
308400
830490
483820
441060
258050
588180
398710
487000
383870
252270
776360
551770
212090
844380
727190
807230
686360
2450
420180
261180
204840
464020
297490
303430
553630
363460
552060
406650
560000
390890
383270
375210
275350
27940
750020
503680
818480
279920
223450
296470
707010
431740
566870
458370
261600
261720
425210
666100
250520
701720
46520
733500
587420
561600
489140
723890
654300
567370
429720
658150
674380
214770
335240
506090
756050
382420
842640
324520
283660
753610
453810
522570
91810
435010
356790
241410
341950
484390
282140
665900
343100
442760
776790
502650
729270
331910
458480
654820
426330
259810
379430
454170
375460
772200
763950
313390
274130
728240
290770
712890
434730
593330
683430
805850
716630
577290
576400
772470
285840
508930
738760
298950
730410
711080
779960
812170
446020
812350
603260
603870
484830
326420
369560
648070
330620
640970
704520
395420
769110
586150
497680
802760
317100
553780
765590
800200
385580
334260
690060
757540
491830
672010
548650
556060
295930
531910
814200
656740
485860
820600
794990
252450
3830
832020
688480
427780
528080
470260
787200
518130
592200
291480
297660
597860
520290
431630
467790
622170
321400
772080
843570
429700
803150
619730
719080
44350
716760
762630
867620
411370
705090
613790
409710
466500
345660
718590
519190
676830
620800
372740
664090
269110
696410
17500
446550
355240
398480
612070
740410
781110
365870
361300
446600
666940
466560
526510
572580
397270
253650
409070
748890
413420
45420
378540
785890
236870
372360
693880
708420
21100
251690
34830
446540
99100
284930
846820
782690
739210
716400
476240
211400
650780
588080
687540
327510
602990
816830
417900
26300
401680
818620
611980
380150
566220
559280
601530
525330
434700
695460
655610
457980
852420
564140
816730
855850
344130
595120
720630
491660
751670
454750
384010
796770
332620
652000
758190
737800
725400
377070
525620
790340
649450
836490
259680
363130
702190
661810
441230
250320
667130
641990
656380
552210
835430
347730
521340
657090
344270
643570
392680
449710
699990
410320
384100
384120
308420
454720
284140
333580
346390
758570
417020
367580
555950
252310
27330
716780
630830
392580
661800
644290
768840
611770
287120
507030
298600
553960
777220
795570
299090
752570
290530
603800
476420
514360
454130
687610
580570
610310
70600
421630
878500
655600
381610
496460
726030
733070
423720
743370
454930
425450
270430
465760
401890
336110
665780
690240
687310
357900
532320
604010
671180
800110
358090
564100
789730
518000
214100
394360
582560
248650
375810
801060
352580
534440
751200
664040
509250
264000
589390
488330
342180
403510
794940
785660
815000
721430
794860
603530
741990
335010
553590
530820
546930
588890
788320
355510
617820
205100
390920
859990
332730
264280
790820
451010
394230
238960
33930
847390
268850
523870
312540
305780
415420
619400
300340
880370
262690
567280
464800
434300
500
669910
640300
370060
579210
727540
398980
409610
555600
357780
840230
462250
838900
318090
233700
389120
802900
440100
680620
491000
521920
345480
411130
377870
293920
357340
49330
214510
522250
746240
579080
340170
408240
805280
743070
399240
731870
690260
688400
358080
314560
665670
278360
459610
564750
333510
457530
305980
299400
807860
462860
480640
375000
574200
546800
556340
552540
705070
591080
532470
296830
448570
702810
671840
299800
200170
546050
596590
704670
697490
511680
802730
236450
745130
419990
553910
619220
716230
763770
630140
324260
241320
243970
295730
261960
369420
861190
234160
473610
543070
575700
442710
228440
322750
489120
269270
681500
786490
370600
102810
419500
486500
605210
717990
557890
445980
543740
364910
582920
425600
549790
209610
216890
692610
580720
351320
431280
767030
758080
586350
649900
23140
504240
863690
655020
383700
350020
479040
673820
339160
529780
661040
793000
283180
343430
743860
348530
92210
398850
256010
430070
355860
310560
298520
550400
245370
796360
756870
589730
804290
350310
502280
700480
386590
218640
644200
594750
365480
747770
234270
514580
398170
501590
862660
754190
671920
763870
590270
453910
575950
665140
396160
573680
624270
583000
647820
369570
503620
613130
769410
359900
878270
684270
455820
572000
439800
405000
386620
438420
592550
490820
804910
378770
283040
353090
411390
562090
714840
637120
292090
654520
703750
300540
582980
738520
672020
603060
29017
595920
367570
537020
104900
761440
225360
793200
510710
843440
501110
323580
464110
400350
760450
381050
806970
698740
433490
764790
588240
450950
851730
505170
772480
734920
676580
340070
279990
249190
678530
773430
340750
767050
220260
340450
443810
593070
849800
427820
524940
492600
332790
810270
795430
326110
611670
534960
280720
298790
431960
856260
522230
696550
1520
501320
311800
362370
363430
405810
645920
356130
542550
273890
643880
704440
445220
758470
585900
726510
296550
780210
549260
697930
646470
388500
428220
330670
607890
524430
422610
263280
745950
411690
336420
829370
722080
496590
361230
734350
347720
707230
545060
822900
722870
425310
632080
481600
98400
810560
727830
669350
414740
367710
511140
568370
298420
330370
338320
527280
98200
574270
258910
672730
311340
224860
461400
588880
506470
574890
826580
495960
682290
786560
556130
380660
783220
682500
816400
455190
278910
259600
561420
400880
304410
333250
546330
247310
384630
325790
236490
746000
537430
612880
332530
645860
409000
757810
723090
60700
45000
532210
385950
775320
678560
746660
480900
291860
510510
452860
421660
611960
352620
470480
219700
275390
391210
801510
635900
586600
448510
294370
838720
267730
490280
662320
489660
575860
797160
807430
820830
239720
776490
637060
110600
606190
384890
749800
513680
491180
377140
434490
203560
203210
865240
740170
707600
555320
514640
419710
365090
462680
873070
294060
768180
853480
640590
538060
819070
745670
711500
407380
435970
226620
543650
755950
373630
664750
485790
303260
758170
438480
612620
695910
204220
776780
709390
238890
45300
731790
320540
389850
463410
466490
620940
817760
99700
426590
454150
842990
780260
45450
775570
509920
419700
628530
444160
113420
393520
404540
570350
111100
385830
701360
640990
406220
255370
239120
208750
768750
281610
675620
789120
656550
474750
282620
547970
310110
724710
573660
335560
656040
677300
263060
389310
860070
698830
576440
436390
357490
773710
393460
749920
633930
757080
266390
565340
809680
286360
296490
878330
737530
453300
502380
853610
599960
572660
330180
488760
792880
278620
643950
639780
359840
838270
369360
334710
245300
530650
822930
870590
436180
668830
494700
371890
597030
529490
618990
379320
557680
639920
255320
716070
237870
716250
296810
713180
258090
555220
657400
755890
876380
556000
618510
459940
673300
387400
302970
622510
227100
363270
785960
667720
546790
273030
490080
230410
673780
866390
618050
569290
40390
834340
767550
296710
409850
743100
819740
255260
456740
384590
754540
551520
264340
661480
402560
543910
860090
597730
724470
399140
429200
440750
104000
541200
265670
440340
28000
713420
805440
666330
825240
374940
663390
681090
807780
517110
339590
538100
799110
317840
783050
529130
567170
427700
826160
57000
283000
709430
719470
280040
691160
627070
202270
576770
622080
414070
564040
529240
426310
558420
781760
859340
525290
324160
312510
381750
828860
286380
486690
351250
405340
772090
858160
518100
326840
519870
562260
715050
632100
625770
416380
687830
316930
860820
771610
223330
711450
92300
575710
582330
264220
713650
251850
696730
659720
857690
431370
264240
370280
643700
476650
574050
477160
417400
846800
566320
608990
724430
262810
370940
789930
776000
753960
341150
25730
259550
294000
236470
772440
205080
351140
571660
34920
729090
253150
774281
658160
640890
428410
752770
460790
423220
315850
821390
550810
268360
652130
40930
654490
286120
352460
633440
288930
420980
787440
415910
421600
706270
833890
733510
676820
405960
575940
769160
91100
660400
319970
593980
240440
655660
672080
268540
397970
577210
553610
578330
827540
312050
691220
304460
586880
426000
591630
393380
281820
676000
325300
667960
745940
502300
204760
262470
342870
228960
637100
498720
796510
414080
597700
392950
41070
670330
877180
322080
209160
721380
628950
426050
617160
594570
58230
722680
756630
819230
655760
340330
214730
448170
876870
666590
668350
489520
667360
815150
862190
517970
549670
655370
709250
715720
432330
344040
20500
460750
726800
210970
214870
259720
797620
461700
249950
552900
578690
676590
537990
487430
291690
616030
767500
520910
23130
746400
291840
682130
60350
732840
628330
418950
485690
262300
833150
695980
320300
334690
606690
681660
439190
553470
494320
452920
845970
352430
546700
803850
433300
575630
436230
270330
543870
368180
684530
594810
392450
256460
628580
336130
817510
275100
548370
273800
429620
604000
603020
817490
780350
540020
840980
646280
363440
726330
623070
377470
494100
480430
645380
688450
359580
393860
488280
774451
726820
299480
493100
577910
392190
389510
263700
373600
528460
237930
314850
716040
314410
797610
680360
453090
676630
622920
39110
661270
268050
414260
413480
305070
342610
510650
699860
252710
858760
292330
502070
768290
759010
697530
343570
363530
111400
252370
696810
435790
702930
569570
379370
585970
278810
644640
622880
717060
384330
351340
466830
805780
788410
363980
455120
528660
318440
781890
97000
428200
288470
327890
485220
207020
219340
406970
841120
239350
552030
649360
658060
448090
333490
434020
80330
557960
624970
735570
293340
514240
728440
270630
508520
325120
568570
415090
244890
770520
829390
687390
745840
291610
404680
819730
448260
597990
848230
717950
348740
659790
521300
754810
46000
351400
259430
202730
643600
337130
525610
349460
820730
678800
564160
425580
13000
512550
530300
345750
702120
592620
447860
611080
752600
713780
828950
672940
491350
514670
345640
543010
630
562690
464740
542100
875240
461750
591560
703630
420660
859700
642520
335460
777580
427050
521540
500150
383690
270050
305620
627220
576260
660450
429060
842030
436280
874380
610250
779580
391040
802040
531110
822810
324510
678750
760800
527260
581520
522130
366690
719460
287100
877780
318430
531930
800660
591020
266470
383150
389870
293360
449800
827590
580820
663830
877390
754910
599060
485980
421870
665790
587830
564710
330680
540610
492340
202410
325060
460640
427490
733250
594730
93200
223220
583890
807960
523810
453800
501300
234390
552610
335920
550450
220820
727560
755570
795110
240660
361370
516940
360740
338170
723600
544400
785690
798960
870120
804120
351030
867800
806140
555850
556050
267060
651060
346770
527210
280460
110630
678310
687790
771710
829750
587810
489580
556260
620190
727500
316180
702600
294140
793990
859200
567670
867550
515180
681530
603420
393240
586920
827270
342240
498580
246620
763010
504560
107200
219200
802450
686550
429470
450860
449550
226820
659480
788930
606520
761660
865870
449340
303940
485620
453030
570420
709050
845480
331570
352960
341120
820950
496520
662570
314810
557790
573780
731670
650220
314830
209270
341270
63710
714050
778770
870740
367350
243220
598940
604780
343860
18050
789210
274010
546220
508730
290020
321560
489570
756880
429940
262390
839340
266210
735500
617360
859480
360970
455960
567200
467380
857860
832490
337720
540690
315060
675940
601790
17740
380540
288650
390710
591090
577480
735550
747540
512020
3590
270950
843120
462070
224820
802360
617830
285070
22650
569480
378030
660290
642580
285350
284990
440660
314710
546410
738480
376350
676720
706440
336210
775520
419090
263620
831060
432940
642560
770660
821520
742480
431410
464880
363180
714880
688330
444670
348550
494470
458110
443250
45400
363790
451640
536490
266010
375040
777020
818290
413540
458030
544530
276730
288860
678240
364700
112100
581310
644560
368740
65710
777770
318020
385360
704460
884190
852660
464620
397850
851290
405720
639320
703040
337700
235070
764470
320140
395900
664180
691750
602070
269170
499520
453340
762380
487370
332390
22350
332610
762670
760890
549280
672380
718670
831120
369580
675120
713050
107800
796710
703210
363950
862770
582890
485510
777380
323460
407880
248410
709140
520230
558870
523740
709290
750080
663130
374040
598070
498840
531740
699480
398890
697910
811240
466920
362090
786170
267750
601510
755920
378350
471570
750200
555010
557770
591420
570970
463210
855160
485040
683670
476410
777870
412230
521630
380690
208670
560720
394030
335190
548390
361040
336040
602880
577940
388440
657290
339700
286260
389730
234490
555450
298820
437420
415830
624990
236430
449060
618550
841770
209650
436470
354200
408760
600460
300280
521280
391730
435490
427250
404660
626610
857210
658320
718650
614950
628860
785780
261470
841030
397810
713220
367780
562410
835790
387850
779620
689030
356550
444210
457890
730290
830470
421050
753110
576390
400180
365810
35470
780760
809210
403180
690130
569810
612930
378270
402160
380
611050
305050
341020
205690
568470
574030
757330
244070
262060
282050
598700
857300
360380
599510
351220
546170
397990
436850
444420
721480
429330
483960
754340
715440
527770
610810
665600
342150
849790
719640
302790
244210
614570
619890
551150
355800
802550
677280
389650
512300
311930
433900
345340
386200
733780
607820
339200
35480
542930
550340
546490
544680
731420
21400
322210
231160
588620
568180
770810
587050
871510
575740
542910
428750
368430
639450
348280
397020
499540
433670
450760
655170
763740
873580
289130
558020
690850
381090
283840
317290
691130
297410
218620
774891
399270
770690
432270
704690
670810
775730
368640
270510
545200
735450
316740
373880
437550
315080
873590
492500
444270
594820
745960
293520
559130
485890
263520
377880
508530
408110
320090
302590
364260
241910
396790
519490
703120
484950
461970
719130
279800
326120
372780
312600
207230
495910
337000
388430
607660
383020
236930
394260
877260
597240
580150
749860
238320
427810
462670
386400
675680
576090
393200
570050
646330
411830
540550
61700
207710
610380
825970
355970
319780
344340
259640
619140
370130
446800
365310
405710
684060
493980
365210
582280
348670
417430
513510
501740
269630
249590
585290
264730
868190
281940
284890
721970
351300
275000
434360
630020
708430
751230
686200
291430
669380
805790
340320
846110
796650
215590
620240
817470
317280
685400
839880
551630
677160
687560
297920
323630
733050
802890
333130
616650
203160
860030
554510
331690
777420
781670
845400
544610
602120
323720
352850
553690
533540
377690
526400
543710
503690
557860
589480
560750
214420
488460
378810
733300
302870
256030
436320
396030
298630
577180
461940
355910
445130
567210
392410
543410
461680
609940
820170
852760
837390
639270
91800
556780
427660
492170
316370
548860
473740
492610
639470
523150
690460
851820
873210
332250
246800
320150
567620
508170
312410
676410
485350
652570
795030
371280
400910
838420
626250
825000
321350
299460
585500
787710
346810
761670
36000
701470
17710
290440
341360
774181
728420
513530
861960
409440
622770
427930
563380
831090
262260
237890
646010
597840
314200
820770
329280
794300
360880
591000
764370
609150
816380
375290
658440
464700
513820
250640
700520
807070
601010
685950
606000
414550
496260
777050
472420
756790
383930
420070
317360
313160
845290
764490
761880
374520
336300
336090
542660
378450
669740
403230
613270
820240
464470
667340
438740
753220
749880
815830
397090
380790
490880
774911
652070
752700
345820
537000
684050
593340
686570
352370
485650
523610
736860
318970
341310
558740
303310
399890
355270
214590
348510
567030
555050
680390
711350
290870
492150
530040
683280
512920
323040
70120
676320
600210
289520
576810
737470
664000
462780
851920
661820
252030
591460
34870
602480
359230
657170
648380
438320
776340
646450
744060
371300
517710
244160
716240
549660
449320
400800
578310
556870
535240
311910
211340
610610
329320
395300
405240
354650
864390
691590
793760
324070
817200
805950
586230
789880
250460
741080
628900
461010
234940
279440
565190
444170
670610
593700
442500
665650
266510
404640
797090
314180
546090
431260
305380
406870
632350
305490
429270
747750
735280
460870
313650
308560
311730
498680
368720
814670
365800
861840
274520
482450
624830
470440
474050
721760
619880
833010
322290
383070
397150
590590
344480
394220
657590
589870
467950
636150
349040
496940
371100
552700
306550
492860
754120
434570
706490
654100
823060
789240
314360
429570
796640
725170
731500
441510
522880
284710
673230
652040
562220
776890
218060
600000
808130
552720
704040
46470
659190
326410
